

latency_requirement_change, latency_requirement: 1.5
[-0.6074104658164063, -0.3470328420332031]
[-1.2240356635664063, -0.2218428311035156]
[-0.2300818889489583, -0.4274849006957386]
[-0.501609741090625, -0.20159719021875]
[-0.21916567447708332, -0.4508770917769531]

latency_requirement_change, latency_requirement: 1.6
[-0.6074104658164063, -0.41749338403320313]
[-1.2240356635664063, -0.25659957905559894]
[-0.2300818889489583, -0.2828674643390625]
[-0.501609741090625, -0.21751317164286224]
[-0.21916567447708332, -0.8586143724877486]

latency_requirement_change, latency_requirement: 1.7
[-0.6074104658164063, -0.34271810721874996]
[-1.2240356635664063, -0.23244719409442471]
[-0.2300818889489583, -0.2715764418786458]
[-0.501609741090625, -0.22102483814531249]
[-0.21916567447708332, -0.6928653724877486]

latency_requirement_change, latency_requirement: 1.8
[-0.6074104658164063, -0.2483292781738281]
[-1.2240356635664063, -0.24758721232226563]
[-0.2300818889489583, -0.28179587628906255]
[-0.501609741090625, -0.21131084707031247]
[-0.21916567447708332, -0.8850537604398319]

latency_requirement_change, latency_requirement: 1.9
[-0.6074104658164063, -0.33487501755820315]
[-1.2240356635664063, -0.2718783033972656]
[-0.2300818889489583, -0.32312901275497163]
[-0.501609741090625, -0.20159242121875]
[-0.21916567447708332, -1.5997676156254261]

latency_requirement_change, latency_requirement: 1.1
[-1.5397927334300427, -1.4052192470703126]
[-0.6212614576829427, -0.4607345029453125]
[-0.38131246539758523, -0.2361428962890625]
[-0.2519119, -0.2524276470703125]
[-8.548482104845455, -0.20098158403320313]

latency_requirement_change, latency_requirement: 1.1500000000000001
[-1.5397927334300427, -0.6220905817832032]
[-0.6212614576829427, -0.544323072861849]
[-0.38131246539758523, -0.3050145524807292]

latency_requirement_change, latency_requirement: 0.8
[-1.5397927334300427, -0.7419053410019532]
[-0.6212614576829427, -0.42934838178320317]
[-0.38131246539758523, -0.6011885029453126]
[-0.2519119, -0.42404799775]
[-8.548482104845455, -0.7470772890019531]
[-6.040318215872729, -0.6102470288535157]
[-0.4771880500156249, -0.13781510174375]
[-0.20667918403320312, -1.4159795470703125]
[-1.3554395493968396, -0.42357728178320314]
[-0.41749338403320313, -1.9516233470703126]

latency_requirement_change, latency_requirement: 0.8500000000000001
[-1.5397927334300427, -0.6462017817832031]
[-0.6212614576829427, -0.4368197807769531]
[-0.38131246539758523, -0.31400286874739586]
[-0.2519119, -0.2524276470703125]
[-8.548482104845455, -0.42408598178320317]
[-6.040318215872729, -0.8782065425703126]
[-0.4771880500156249, -1.4103353543786459]

latency_requirement_change, latency_requirement: 0.5
[-1.5397927334300427, -1.4055028543786459]
[-0.5808862230215553, -0.4815020485165365]
[-0.38131246539758523, -0.2715764418786458]
[-0.2519119, -0.21545248795208333]
[-8.548482104845455, -0.21857159895208333]
[-6.040318215872729, -0.6220905817832032]
[-0.4771880500156249, -0.20218649674375]
[-0.20667918403320312, -0.5123555700722656]
[-1.3554395493968396, -0.42357728178320314]
[-0.41749338403320313, -1.646587150747396]

latency_requirement_change, latency_requirement: 0.55
[-1.5397927334300427, -1.4055028543786459]
[-0.5808862230215553, -0.4617749807769531]
[-0.38131246539758523, -0.4661706029453125]
[-0.2519119, -0.2524276470703125]
[-8.548482104845455, -0.20159242121875]
[-6.040318215872729, -0.42421918178320317]
[-0.4771880500156249, -0.46617060294531243]
[-0.20667918403320312, -1.4103353543786459]
[-1.3554395493968396, -0.42357728178320314]
[-0.41749338403320313, -1.8624833739889324]

latency_requirement_change, latency_requirement: 0.6

download_change, download_rate: 450

download_change, download_rate: 450

download_change, download_rate: 450

download_change, download_rate: 450

download_change, download_rate: 450

download_change, download_rate: 450

download_change, download_rate: 450

download_change, download_rate: 450

download_change, download_rate: 450

download_change, download_rate: 450

download_change, download_rate: 450

download_change, download_rate: 450

download_change, download_rate: 450

download_change, download_rate: 450

download_change, download_rate: 450

download_change, download_rate: 450

download_change, download_rate: 450
[-1.8379886590664063, 3.3314989050332033]
[-2.3290250095332032, 1.919005611783203]
[-2.0871424741239584, 0.40995353613697916]
[-0.2519119, 0.2519119]
[-1.9241267022869795, 1.9241267022869795]
[-2.003417910253646, 2.003417910253646]
[-2.795459954378646, 2.795459954378646]

download_change, download_rate: 450

download_change, download_rate: 450

download_change, download_rate: 450
[-1.8379886590664063, -3.3314989050332033]
[-2.3290250095332032, -1.919005611783203]
[-2.0871424741239584, -0.40995353613697916]
[-0.2519119, -0.2519119]
[-1.9241267022869795, -1.9241267022869795]
[-2.003417910253646, -2.003417910253646]
[-2.795459954378646, -2.795459954378646]

download_change, download_rate: 450
[-1.8379886590664063, -3.3314989050332033]
[-2.3290250095332032, -1.919005611783203]
[-2.0871424741239584, -0.40995353613697916]
[-0.2519119, -0.2519119]
[-1.9241267022869795, -1.9241267022869795]
[-2.003417910253646, -2.003417910253646]
[-2.795459954378646, -2.795459954378646]

download_change, download_rate: 450

download_change, download_rate: 450

download_change, download_rate: 450

download_change, download_rate: 450

download_change, download_rate: 450

download_change, download_rate: 450
[-7.363744369536111]
[-3.566163804417275]
[-3.572837465409071]
[-2.0288907102536458]
[-2.790314354378646]
[-5.451658178022223]
[-4.978131024444444]
[-2.83250417469987]
[-1.406404454378646]
[-9.039314592]

download_change, download_rate: 450
[-7.363744369536111]
[-3.566163804417275]
[-3.572837465409071]
[-2.0288907102536458]
[-2.790314354378646]
[-5.451658178022223]
[-4.978131024444444]
[-2.83250417469987]
[-1.406404454378646]
[-9.039314592]

download_change, download_rate: 475
[-7.0076795987057015]
[-3.5661615155985613]
[-3.5699977913798313]
[-2.0288907102536458]
[-2.790314354378646]
[-5.182462224336842]
[-4.737159417894737]
[-2.774957592559519]
[-1.406404454378646]
[-9.331823085614781]

download_change, download_rate: 500
[-6.687221304958333]
[-3.5661594556617193]
[-3.5674420847535155]
[-2.0288907102536458]
[-2.790314354378646]
[-4.94018586602]
[-4.520284972]
[-2.7231656686332033]
[-1.406404454378646]
[-8.1831848228]

download_change, download_rate: 525
[-6.397282848710715]
[-3.5661575919093385]
[-3.565129778758277]
[-2.0288907102536458]
[-2.790314354378646]
[-4.720983446590476]
[-4.324065235238095]
[-2.676306308890346]
[-1.406404454378646]
[-7.816272064571429]

download_change, download_rate: 550
[-6.102495634915152]
[-3.566155897588992]
[-3.56302768239897]
[-2.0288907102536458]
[-2.790314354378646]
[-4.521708519836364]
[-4.145683656363636]
[-2.6337068909422943]
[-1.406404454378646]
[-7.482715011636364]

download_change, download_rate: 450

download_change, download_rate: 450
[-7.363744369536111, -1.2376606394661458]
[-3.566163804417275, -1.838551810253646]
[-3.572837465409071, -1.8548073006961805]
[-2.0288907102536458, -0.6844667928822916]
[-2.790314354378646, -1.1074319606666667]
[-5.451658178022223, -2.104548611783203]
[-4.978131024444444, -4.978131024444444]
[-2.83250417469987, -1.1075127287330728]
[-1.406404454378646, -1.1127140446998698]
[-9.039314592, -5.0565148084776474]

download_change, download_rate: 475
[-7.0076795987057015, -1.2376606394661458]
[-3.5661615155985613, -1.838551810253646]
[-3.5699977913798313, -1.851967626666941]
[-2.0288907102536458, -0.6803958327314144]
[-2.790314354378646, -1.0498853785263158]
[-5.182462224336842, -2.104548611783203]
[-4.737159417894737, -4.73719680192794]
[-2.774957592559519, -1.049966146592722]
[-1.406404454378646, -1.0551674625595189]
[-9.331823085614781, -4.81554320192794]

download_change, download_rate: 500
[-6.687221304958333, -1.2376069475996094]
[-3.5661594556617193, -1.838551810253646]
[-3.5674420847535155, -1.849411920040625]
[-2.0288907102536458, -0.676731968595625]
[-2.790314354378646, -0.9980934546]
[-4.94018586602, -2.104548611783203]
[-4.520284972, -4.520322356033203]
[-2.7231656686332033, -0.9981742226664063]
[-1.406404454378646, -1.003375538633203]
[-8.1831848228, -4.598668756033203]

download_change, download_rate: 525
[-6.397282848710715, -1.2376069475996094]
[-3.5661575919093385, -1.838551810253646]
[-3.565129778758277, -1.847099614045387]
[-2.0288907102536458, -0.6734170439013392]
[-2.790314354378646, -0.9512340948571428]
[-4.720983446590476, -2.104548611783203]
[-4.324065235238095, -4.324102619271298]
[-2.676306308890346, -0.9513148629235492]
[-1.406404454378646, -0.9565161788903459]
[-7.816272064571429, -4.402449019271298]

download_change, download_rate: 550
[-6.102495634915152, -1.2376069475996094]
[-3.566155897588992, -1.838551810253646]
[-3.56302768239897, -1.8449975176860796]
[-2.0288907102536458, -0.6704034759974431]
[-2.790314354378646, -0.910113676909091]
[-4.521708519836364, -2.104548611783203]
[-4.145683656363636, -4.14572104039684]
[-2.6337068909422943, -0.9087154449754973]
[-1.406404454378646, -0.913916760942294]
[-7.482715011636364, -4.22406744039684]

download_change, download_rate: 450
[-7.363744369536111, 0]
[-3.566163804417275, 0]
[-3.572837465409071, 0]
[-2.0288907102536458, 0]
[-2.790314354378646, 0]
[-5.451658178022223, 0]
[-4.978131024444444, 0]
[-2.83250417469987, 0]
[-1.406404454378646, 0]
[-9.039314592, 0]

download_change, download_rate: 475
[-7.0076795987057015, 0]
[-3.5661615155985613, 0]
[-3.5699977913798313, 0]
[-2.0288907102536458, 0]
[-2.790314354378646, 0]
[-5.182462224336842, 0]
[-4.737159417894737, 0]
[-2.774957592559519, 0]
[-1.406404454378646, 0]
[-9.331823085614781, 0]

download_change, download_rate: 500
[-6.687221304958333, 0]

download_change, download_rate: 450
[-7.363744369536111, -1.2376606394661458]
[-3.566163804417275, -1.838551810253646]
[-3.572837465409071, -1.8548073006961805]
[-2.0288907102536458, -0.6844667928822916]
[-2.790314354378646, -1.1074319606666667]
[-5.451658178022223, -2.104548611783203]
[-4.978131024444444, -4.978131024444444]
[-2.83250417469987, -1.1075127287330728]
[-1.406404454378646, -1.1127140446998698]
[-9.039314592, -5.0565148084776474]

download_change, download_rate: 475
[-7.0076795987057015, -1.2376606394661458]
[-3.5661615155985613, -1.838551810253646]
[-3.5699977913798313, -1.851967626666941]
[-2.0288907102536458, -0.6803958327314144]
[-2.790314354378646, -1.0498853785263158]
[-5.182462224336842, -2.104548611783203]
[-4.737159417894737, -4.73719680192794]
[-2.774957592559519, -1.049966146592722]
[-1.406404454378646, -1.0551674625595189]
[-9.331823085614781, -4.81554320192794]

download_change, download_rate: 500
[-6.687221304958333, -1.2376069475996094]
[-3.5661594556617193, -1.838551810253646]
[-3.5674420847535155, -1.849411920040625]
[-2.0288907102536458, -0.676731968595625]
[-2.790314354378646, -0.9980934546]
[-4.94018586602, -2.104548611783203]
[-4.520284972, -4.520322356033203]
[-2.7231656686332033, -0.9981742226664063]
[-1.406404454378646, -1.003375538633203]
[-8.1831848228, -4.598668756033203]

download_change, download_rate: 525
[-6.397282848710715, -1.2376069475996094]
[-3.5661575919093385, -1.838551810253646]
[-3.565129778758277, -1.847099614045387]
[-2.0288907102536458, -0.6734170439013392]
[-2.790314354378646, -0.9512340948571428]
[-4.720983446590476, -2.104548611783203]
[-4.324065235238095, -4.324102619271298]
[-2.676306308890346, -0.9513148629235492]
[-1.406404454378646, -0.9565161788903459]
[-7.816272064571429, -4.402449019271298]

download_change, download_rate: 550
[-6.102495634915152, -1.2376069475996094]
[-3.566155897588992, -1.838551810253646]
[-3.56302768239897, -1.8449975176860796]
[-2.0288907102536458, -0.6704034759974431]
[-2.790314354378646, -0.910113676909091]
[-4.521708519836364, -2.104548611783203]
[-4.145683656363636, -4.14572104039684]
[-2.6337068909422943, -0.9087154449754973]
[-1.406404454378646, -0.913916760942294]
[-7.482715011636364, -4.22406744039684]

latency_requirement_change, latency_requirement: 0.5
[-6.102495634915152, -0.41749338403320313]
[-4.092064524345456, -0.3936439840332031]
[-6.483494636563636, -6.483494636563636]
[-1.1603658602133522, -1.1603658602133522]
[-4.005710236563636, -0.910113676909091]
[-4.521708519836364, -0.21116804187864582]
[-4.145719237090909, -4.145683656363636]
[-4.2441851406545466, -0.9087154449754973]
[-0.9139704528088305, -0.913916760942294]
[-8.12957253276186, -4.198113286940519]

latency_requirement_change, latency_requirement: 0.55
[-6.102495634915152, -0.41749338403320313]
[-4.092064524345456, -0.3936439840332031]
[-6.483494636563636, -6.483494636563636]
[-1.1603658602133522, -1.1603658602133522]
[-4.005710236563636, -0.910113676909091]
[-4.521708519836364, -0.21116804187864582]
[-4.145719237090909, -4.145683656363636]
[-4.2441851406545466, -0.9087154449754973]
[-0.9139704528088305, -0.913916760942294]
[-8.12957253276186, -4.198113286940519]

latency_requirement_change, latency_requirement: 0.6
[-6.102495634915152, -0.41749338403320313]
[-4.092064524345456, -0.3936439840332031]
[-6.483494636563636, -6.483494636563636]
[-1.1603658602133522, -1.1603658602133522]
[-4.005710236563636, -0.910113676909091]
[-4.521708519836364, -0.21116804187864582]
[-4.145719237090909, -4.145683656363636]
[-4.2441851406545466, -0.9087154449754973]
[-0.9139704528088305, -0.913916760942294]
[-8.12957253276186, -4.198113286940519]

latency_requirement_change, latency_requirement: 0.65
[-6.102495634915152, -0.6211866896165366]
[-4.092064524345456, -0.8037007658164063]
[-6.483494636563636, -6.483494636563636]
[-1.1603658602133522, -1.1603658602133522]
[-4.005710236563636, -0.910113676909091]
[-4.521708519836364, -0.21116804187864582]
[-4.145719237090909, -4.145683656363636]
[-4.2441851406545466, -0.9087154449754973]
[-0.9139330687756273, -0.913916760942294]
[-8.12957253276186, -4.198113286940519]

latency_requirement_change, latency_requirement: 0.7
[-6.102495634915152, -0.6211866896165366]
[-4.092064524345456, -0.8037007658164063]
[-6.483494636563636, -6.483494636563636]
[-1.1603658602133522, -1.1603658602133522]
[-4.005710236563636, -0.910113676909091]
[-4.521708519836364, -0.21116804187864582]
[-4.145719237090909, -4.145683656363636]
[-4.2441851406545466, -0.9087154449754973]
[-0.9139330687756273, -0.913916760942294]
[-8.12957253276186, -4.198113286940519]

latency_requirement_change, latency_requirement: 0.75
[-6.102495634915152, -0.6211866896165366]
[-4.092064524345456, -0.8037007658164063]
[-6.483494636563636, -6.483494636563636]
[-1.1603658602133522, -1.1603658602133522]
[-4.005710236563636, -0.910113676909091]
[-4.521708519836364, -0.21116804187864582]
[-4.145719237090909, -4.145683656363636]
[-4.2441851406545466, -0.9087154449754973]
[-0.9139330687756273, -0.913916760942294]
[-8.12957253276186, -4.198113286940519]

latency_requirement_change, latency_requirement: 0.8
[-6.102495634915152, -0.6211866896165366]
[-4.092064524345456, -0.8037007658164063]
[-6.483494636563636, -6.483494636563636]
[-1.1603658602133522, -1.1603658602133522]
[-4.005710236563636, -0.910113676909091]
[-4.521708519836364, -0.21116804187864582]
[-4.145719237090909, -4.145683656363636]
[-4.2441851406545466, -0.9087154449754973]
[-0.9139330687756273, -0.913916760942294]
[-8.12957253276186, -4.198113286940519]

latency_requirement_change, latency_requirement: 0.8500000000000001
[-6.102495634915152, -0.6211866896165366]
[-4.092064524345456, -0.8037007658164063]
[-6.483494636563636, -6.483494636563636]
[-1.1603658602133522, -1.1603658602133522]
[-4.005710236563636, -0.910113676909091]
[-4.521708519836364, -0.21116804187864582]
[-4.145719237090909, -4.145683656363636]
[-4.2441851406545466, -0.9087154449754973]
[-0.9139330687756273, -0.913916760942294]
[-8.12957253276186, -4.198113286940519]

latency_requirement_change, latency_requirement: 0.9
[-6.102495634915152, -0.6211866896165366]
[-4.092064524345456, -0.8037007658164063]
[-6.483494636563636, -6.483494636563636]
[-1.1603658602133522, -1.1603658602133522]
[-4.005710236563636, -0.910113676909091]
[-4.521708519836364, -0.21116804187864582]
[-4.145719237090909, -4.145683656363636]
[-4.2441851406545466, -0.9087154449754973]
[-0.9139330687756273, -0.913916760942294]
[-8.12957253276186, -3.7880191211241128]

latency_requirement_change, latency_requirement: 0.95
[-6.102495634915152, -0.6211866896165366]
[-4.092064524345456, -0.8037007658164063]
[-6.483494636563636, -6.483494636563636]
[-1.1603658602133522, -1.1603658602133522]
[-4.005710236563636, -0.910113676909091]
[-4.521708519836364, -0.21116804187864582]
[-4.145719237090909, -4.145683656363636]
[-4.2441851406545466, -0.9087154449754973]
[-0.9139330687756273, -0.913916760942294]
[-8.12957253276186, -3.7880191211241128]

max_storage_change, max_storage: 900
[-6.102495634915152, -1.2376069475996094]
[-3.566155897588992, -1.838551810253646]
[-5.020286509256676, -1.8449975176860796]
[-2.0288907102536458, -0.6704034759974431]
[-2.790314354378646, -0.9086346769090909]
[-4.521708519836364, -2.104548611783203]
[-4.362846564978658, -4.14572104039684]
[-2.6337068909422943, -0.9087154449754973]
[-1.406404454378646, -0.913916760942294]
[-7.482715011636364, -4.22406744039684]

max_storage_change, max_storage: 1000
[-6.102495634915152, -1.2376069475996094]
[-3.566155897588992, -1.838551810253646]
[-5.020286509256676, -1.8449975176860796]
[-2.0288907102536458, -0.6704034759974431]
[-2.790314354378646, -0.9086346769090909]
[-4.521708519836364, -2.104548611783203]
[-4.813940766161849, -4.14572104039684]
[-2.6337068909422943, -0.9087154449754973]
[-1.406404454378646, -0.913916760942294]
[-7.482715011636364, -4.22406744039684]

max_storage_change, max_storage: 1100
[-6.102495634915152, -1.2376069475996094]
[-3.566155897588992, -1.838551810253646]
[-3.56302768239897, -1.8449975176860796]
[-2.0288907102536458, -0.6704034759974431]
[-2.790314354378646, -0.9086346769090909]
[-4.521708519836364, -2.104548611783203]
[-4.813940766161849, -4.14572104039684]
[-2.6337068909422943, -0.9087154449754973]
[-1.406404454378646, -0.913916760942294]
[-7.482715011636364, -4.22406744039684]

max_storage_change, max_storage: 1200
[-6.102495634915152, -1.2376069475996094]
[-3.566155897588992, -1.838551810253646]
[-3.56302768239897, -1.8449975176860796]
[-2.0288907102536458, -0.6704034759974431]
[-2.790314354378646, -0.910113676909091]
[-4.521708519836364, -2.104548611783203]
[-5.226790063911849, -4.14572104039684]
[-2.6337068909422943, -0.9087154449754973]
[-1.406404454378646, -0.913916760942294]
[-7.482715011636364, -4.22406744039684]

max_storage_change, max_storage: 1300
[-6.102495634915152, -1.2376069475996094]
[-3.566155897588992, -1.838551810253646]
[-3.56302768239897, -1.8449975176860796]
[-2.0288907102536458, -0.6704034759974431]
[-2.790314354378646, -0.910113676909091]
[-4.521708519836364, -2.104548611783203]
[-4.145683656363636, -4.14572104039684]
[-2.6337068909422943, -0.9087154449754973]
[-1.406404454378646, -0.913916760942294]
[-7.482715011636364, -4.22406744039684]

max_storage_change, max_storage: 1400
[-6.102495634915152, -1.2376069475996094]
[-3.566155897588992, -1.838551810253646]
[-3.56302768239897, -1.8449975176860796]
[-2.0288907102536458, -0.6704034759974431]
[-2.790314354378646, -0.910113676909091]
[-4.521708519836364, -2.104548611783203]
[-4.145683656363636, -4.14572104039684]
[-2.6337068909422943, -0.9087154449754973]
[-1.406404454378646, -0.913916760942294]
[-7.482715011636364, -4.22406744039684]

max_storage_change, max_storage: 1500
[-6.102495634915152, -1.2376069475996094]
[-3.566155897588992, -1.838551810253646]
[-3.56302768239897, -1.8449975176860796]
[-2.0288907102536458, -0.6704034759974431]
[-2.790314354378646, -0.910113676909091]
[-4.521708519836364, -2.104548611783203]
[-4.145683656363636, -4.14572104039684]
[-2.6337068909422943, -0.9087154449754973]
[-1.406404454378646, -0.913916760942294]
[-7.482715011636364, -4.22406744039684]

max_storage_change, max_storage: 1600
[-6.102495634915152, -1.2376069475996094]
[-3.566155897588992, -1.838551810253646]
[-3.56302768239897, -1.8449975176860796]
[-2.0288907102536458, -0.6704034759974431]
[-2.790314354378646, -0.910113676909091]
[-4.521708519836364, -2.104548611783203]
[-4.145683656363636, -4.14572104039684]
[-2.6337068909422943, -0.9087154449754973]
[-1.406404454378646, -0.913916760942294]
[-7.482715011636364, -4.22406744039684]

max_storage_change, max_storage: 1700
[-6.102495634915152, -1.2376069475996094]
[-3.566155897588992, -1.838551810253646]
[-3.56302768239897, -1.8449975176860796]
[-2.0288907102536458, -0.6704034759974431]
[-2.790314354378646, -0.910113676909091]
[-4.521708519836364, -2.104548611783203]
[-4.145683656363636, -4.14572104039684]
[-2.6337068909422943, -0.9087154449754973]
[-1.406404454378646, -0.913916760942294]
[-7.482715011636364, -4.22406744039684]

time_slot_change, time_slot: 610
[-2.544471059177143, -1.2376069475996094]
[-3.77051824039684, -3.77051824039684]
[-5.020286509256676, -1.410114954378646]
[-3.2806701552727278, -1.1598501131430399]
[-2.777859054378646, -1.8922024013286458]
[-3.4854608552727275, -0.20683762452864585]
[-4.813940766161849, -4.145683656363636]
[-1.9851826570477273, -0.9086780609422941]
[-2.586388106909091, -0.913916760942294]
[-4.360822732181819, -0.47805428403320316]

time_slot_change, time_slot: 610
[-6.102495634915152, -1.2376069475996094]
[-3.566155897588992, -1.838551810253646]
[-3.56302768239897, -1.8449975176860796]
[-2.0288907102536458, -0.6704034759974431]
[-2.790314354378646, -0.910113676909091]
[-4.521708519836364, -2.104548611783203]
[-4.145683656363636, -4.14572104039684]
[-2.6337068909422943, -0.9087154449754973]
[-1.406404454378646, -0.913916760942294]
[-7.482715011636364, -4.22406744039684]

time_slot_change, time_slot: 610
[-4.163506540396839, -4.163506540396839]
[-3.9761397146117194, -0.42408598178320317]
[-1.91761992775, -0.24868008403320313]
[-1.91761392775, -0.23618238403320313]
[-0.22983713975833334, -0.15128391221818183]
[-2.13809552775, -0.23456588403320314]
[-1.6705102420416666, -0.2715764418786458]
[-0.908640676909091, -0.908640676909091]
[-2.1018197277499997, -0.23317278403320313]
[-0.9087875609422941, -0.9087875609422941]

time_slot_change, time_slot: 610
[-6.067036184113636, -1.7222109074859733]
[-4.13965714039684, -3.77051824039684]
[-4.8792523661618485, -0.24868008403320313]
[-3.2806701552727278, -0.2524276470703125]
[-1.8528209290619795, -1.8922024013286458]
[-1.9176336117832031, -0.20098158403320313]
[-2.707579254378646, -0.3997078840332031]
[-0.9086780609422941, -0.9086780609422941]
[-1.42903484824304, -0.1818979457580611]
[-2.593065790942294, -0.9087875609422941]

time_slot_change, time_slot: 610
[-6.067036184113636, -1.7222109074859733]
[-4.13965714039684, -3.77051824039684]
[-4.8792523661618485, -0.24868008403320313]
[-3.2806701552727278, -0.2524276470703125]
[-1.8528209290619795, -1.8922024013286458]
[-1.9176336117832031, -0.20098158403320313]
[-2.707579254378646, -0.3997078840332031]
[-0.9086780609422941, -0.9086780609422941]
[-1.42903484824304, -0.1818979457580611]
[-2.593065790942294, -0.9087875609422941]

time_slot_change, time_slot: 610
[-4.163506540396839, -4.163506540396839]
[-3.9761397146117194, -0.42408598178320317]
[-1.91761992775, -0.24868008403320313]
[-1.91761392775, -0.23618238403320313]
[-0.22983713975833334, -0.15128391221818183]
[-2.13809552775, -0.23456588403320314]
[-1.6705102420416666, -0.2715764418786458]
[-0.908640676909091, -0.908640676909091]
[-2.1018197277499997, -0.23317278403320313]
[-0.9087875609422941, -0.9087875609422941]

time_slot_change, time_slot: 610
[-6.067036184113636, -1.7222109074859733]
[-4.13965714039684, -3.77051824039684]
[-4.8792523661618485, -0.24868008403320313]
[-3.2806701552727278, -0.2524276470703125]
[-1.8528209290619795, -1.8922024013286458]
[-1.9176336117832031, -0.20098158403320313]
[-2.707579254378646, -0.3997078840332031]
[-0.9086780609422941, -0.9086780609422941]
[-1.42903484824304, -0.1818979457580611]
[-2.593065790942294, -0.9087875609422941]

time_slot_change, time_slot: 610
[-4.163506540396839, -4.163506540396839]
[-3.9761397146117194, -0.42408598178320317]
[-1.91761992775, -0.24868008403320313]
[-1.91761392775, -0.23618238403320313]
[-0.22983713975833334, -0.15128391221818183]
[-2.13809552775, -0.23456588403320314]
[-1.6705102420416666, -0.2715764418786458]
[-0.908640676909091, -0.908640676909091]
[-2.1018197277499997, -0.23317278403320313]
[-0.9087875609422941, -0.9087875609422941]

time_slot_change, time_slot: 610
[-4.555776018874113, -1.2376069475996094]
[-3.77051824039684, -3.7705556244300427]
[-3.56302768239897, -1.8449975176860796]
[-3.2806701552727278, -0.6704034759974431]
[-4.005710236563636, -1.8922024013286458]
[-3.4854608552727275, -0.20683762452864585]
[-4.813940766161849, -4.145683656363636]
[-2.6337068909422943, -0.9086780609422941]
[-2.586388106909091, -0.913916760942294]
[-4.360822732181819, -0.4951391961027462]

time_slot_change, time_slot: 610
[-6.102495634915152, -1.2376069475996094]
[-3.566155897588992, -1.838551810253646]
[-3.56302768239897, -1.8449975176860796]
[-2.0288907102536458, -0.6704034759974431]
[-2.790314354378646, -0.910113676909091]
[-4.521708519836364, -2.104548611783203]
[-4.145683656363636, -4.14572104039684]
[-2.6337068909422943, -0.9087154449754973]
[-1.406404454378646, -0.913916760942294]
[-7.482715011636364, -4.22406744039684]

rsu_rate_change, rsu_rate: 80
[-6.109425668281818, -1.647762959199219]
[-3.2150285744518827, -2.7270412153804693]
[-4.009595343441833, -2.091312581567969]
[-2.939785893274805, -0.8782110010052557]
[-4.005710236563636, -0.910113676909091]
[-5.104549899242773, -0.22177393342343749]
[-4.145683656363636, -4.145683656363636]
[-4.197639738163637, -0.9087528290087004]
[-0.9139599147088957, -0.9139354529588957]
[-7.482715011636364, -4.224086132413441]

rsu_rate_change, rsu_rate: 90
[-6.1071156571595955, -1.511062185954861]
[-2.860525764038037, -2.430878080338195]
[-4.197734402016809, -1.8642467058381944]
[-2.622518491310937, -0.8089418260026515]
[-4.005710236563636, -0.910113676909091]
[-4.560216621549132, -2.7390834157109376]
[-4.145683656363636, -4.1457335017412404]
[-3.131568562286695, -0.9087403676642993]
[-1.8605362058381945, -0.9139292222866952]
[-7.482715011636364, -4.2240799017412405]

rsu_rate_change, rsu_rate: 100
[-6.105267648261818, -1.401701567359375]
[-2.5769235157069605, -2.193947572304375]
[-3.9438517141696736, -1.8452038165142046]
[-2.384286472304375, -0.7535264860005682]
[-4.005710236563636, -0.910113676909091]
[-4.521708519836364, -2.485269494139844]
[-4.145683656363636, -4.14572851720348]
[-2.932423893748935, -0.9087303985887785]
[-1.6788835052543751, -0.9139242377489347]
[-7.482715011636364, -4.22407491720348]

rsu_rate_change, rsu_rate: 110
[-6.103755640981818, -1.3122246975994318]
[-3.883375180940057, -2.000095338458523]
[-3.736129515022017, -1.845091289880682]
[-2.1904342384585225, -0.7081866623624999]
[-2.9141684684130684, -0.910113676909091]
[-4.521708519836364, -2.277603558308949]
[-4.145683656363636, -4.1457244389453125]
[-2.7694873467634946, -0.9087222420724432]
[-1.5302585684130683, -0.9139201594907671]
[-7.482715011636364, -4.2240708389453125]

rsu_rate_change, rsu_rate: 120
[-6.102495634915152, -1.2376069475996094]
[-3.566155897588992, -1.838551810253646]
[-3.56302768239897, -1.8449975176860796]
[-2.0288907102536458, -0.6704034759974431]
[-2.790314354378646, -0.910113676909091]
[-4.521708519836364, -2.104548611783203]
[-4.145683656363636, -4.14572104039684]
[-2.6337068909422943, -0.9087154449754973]
[-1.406404454378646, -0.913916760942294]
[-7.482715011636364, -4.22406744039684]

Model_num_change, Model_num: 1
[-6.067036184113636, -5.058129898033203]
[-7.029167614942294, -7.029167614942294]
[-6.014519155877273, -4.092580271415768]
[-4.240672883869567, -4.167284051454546]
[-6.578879936563636, -4.061095068979403]
[-4.521708519836364, -4.167321435487749]
[-7.404333030909091, -7.404333030909091]
[-4.274425286254546, -4.168201635487749]
[-4.172601716215022, -4.172566135487749]
[-9.29365635304897, -7.046595530909091]

Model_num_change, Model_num: 3
[-6.09060659599878, -4.573598902907316]
[-3.296825348578658, -2.328514194469555]
[-5.520616882292282, -2.505716702097585]
[-1.9911127041180399, -1.857355616898485]
[-4.005080783633949, -1.9387441412801611]
[-4.521708519836364, -4.167321435487749]
[-7.404333030909091, -7.404333030909091]
[-4.274425286254546, -4.168201635487749]
[-3.9102702243454552, -3.9102702243454552]
[-7.530780952412607, -4.22406744039684]

Model_num_change, Model_num: 5
[-6.234319290357386, -4.573598902907316]
[-4.050724276748083, -1.8624631563407672]
[-5.020286509256676, -1.8449975176860796]
[-2.0288907102536458, -0.6704034759974431]
[-2.80048944824304, -1.804701453818182]
[-4.521708519836364, -2.104548611783203]
[-4.145683656363636, -4.145683656363636]
[-4.273080794069568, -4.168201635487749]
[-3.0153826704909092, -1.857355616898485]
[-7.0222578257832025, -4.22406744039684]

Model_num_change, Model_num: 7
[-5.952644710181818, -1.2376069475996094]
[-4.050724276748083, -1.838551810253646]
[-5.020286509256676, -1.8449975176860796]
[-2.0288907102536458, -0.6704034759974431]
[-2.790314354378646, -1.804701453818182]
[-4.521708519836364, -2.104548611783203]
[-4.145683656363636, -4.14572104039684]
[-2.6337068909422943, -1.1401592609422941]
[-1.406404454378646, -1.0253357131430398]
[-7.482715011636364, -4.22406744039684]

Model_num_change, Model_num: 9
[-6.102495634915152, -1.2376069475996094]
[-3.566155897588992, -1.838551810253646]
[-3.56302768239897, -1.8449975176860796]
[-2.0288907102536458, -0.6704034759974431]
[-2.790314354378646, -0.910113676909091]
[-4.521708519836364, -2.104548611783203]
[-4.145683656363636, -4.14572104039684]
[-2.6337068909422943, -0.9087154449754973]
[-1.406404454378646, -0.913916760942294]
[-7.482715011636364, -4.22406744039684]

Model_num_change, Model_num: 11
[-6.102495634915152, -1.2376069475996094]
[-3.5661366246950528, -1.838551810253646]
[-3.5391163363118485, -1.410114954378646]
[-2.057896301328646, -0.19201924707031248]
[-2.790314354378646, -0.333050455865483]
[-4.521708519836364, -2.104548611783203]
[-3.9675115468909095, -0.8097646658164063]
[-2.5737832893331443, -0.23524428403320313]
[-1.406404454378646, -0.21916567447708332]
[-6.099269589031688, -1.237660639466146]

download_change, download_rate: 450
[-7.363744369536111, -1.2376606394661458]
[-3.566163804417275, -1.838551810253646]
[-3.572837465409071, -1.8548073006961805]
[-2.0288907102536458, -0.6844667928822916]
[-2.790314354378646, -1.1074319606666667]
[-5.451658178022223, -2.104548611783203]
[-4.978131024444444, -4.978131024444444]
[-2.83250417469987, -1.1075127287330728]
[-1.406404454378646, -1.1127140446998698]
[-9.039314592, -5.0565148084776474]

download_change, download_rate: 475
[-7.0076795987057015, -1.2376606394661458]
[-3.5661615155985613, -1.838551810253646]
[-3.5699977913798313, -1.851967626666941]
[-2.0288907102536458, -0.6803958327314144]
[-2.790314354378646, -1.0498853785263158]
[-5.182462224336842, -2.104548611783203]
[-4.737159417894737, -4.73719680192794]
[-2.774957592559519, -1.049966146592722]
[-1.406404454378646, -1.0551674625595189]
[-9.331823085614781, -4.81554320192794]

download_change, download_rate: 500
[-6.687221304958333, -1.2376069475996094]
[-3.5661594556617193, -1.838551810253646]
[-3.5674420847535155, -1.849411920040625]
[-2.0288907102536458, -0.676731968595625]
[-2.790314354378646, -0.9980934546]
[-4.94018586602, -2.104548611783203]
[-4.520284972, -4.520322356033203]
[-2.7231656686332033, -0.9981742226664063]
[-1.406404454378646, -1.003375538633203]
[-8.1831848228, -4.598668756033203]

download_change, download_rate: 525
[-6.397282848710715, -1.2376069475996094]
[-3.5661575919093385, -1.838551810253646]
[-3.565129778758277, -1.847099614045387]
[-2.0288907102536458, -0.6734170439013392]
[-2.790314354378646, -0.9512340948571428]
[-4.720983446590476, -2.104548611783203]
[-4.324065235238095, -4.324102619271298]
[-2.676306308890346, -0.9513148629235492]
[-1.406404454378646, -0.9565161788903459]
[-7.816272064571429, -4.402449019271298]

download_change, download_rate: 550
[-6.102495634915152, -1.2376069475996094]
[-3.566155897588992, -1.838551810253646]
[-3.56302768239897, -1.8449975176860796]
[-2.0288907102536458, -0.6704034759974431]
[-2.790314354378646, -0.910113676909091]
[-4.521708519836364, -2.104548611783203]
[-4.145683656363636, -4.14572104039684]
[-2.6337068909422943, -0.9087154449754973]
[-1.406404454378646, -0.913916760942294]
[-7.482715011636364, -4.22406744039684]

rsu_num_change, rsu_num: 10
[-6.102495634915152, -1.2376069475996094]
[-3.566155897588992, -1.838551810253646]
[-3.56302768239897, -1.8449975176860796]
[-2.0288907102536458, -0.6704034759974431]
[-2.790314354378646, -0.910113676909091]
[-4.521708519836364, -2.104548611783203]
[-4.145683656363636, -4.14572104039684]
[-2.6337068909422943, -0.9087154449754973]
[-1.406404454378646, -0.913916760942294]
[-7.482715011636364, -4.22406744039684]

rsu_num_change, rsu_num: 15
[-4.638757640224113, -1.5397553493968397]
[-6.675539675472728, -2.3290250095332032]
[-6.380051305736364, -2.0585014033845646]
[-8.087426908526375, -0.2519119]
[-6.464384227181818, -1.9030317269597068]
[-6.143159252881063, -2.003417910253646]
[-5.796587632863638, -0.4771880500156249]
[-7.259492574742283, -0.20667918403320312]
[-2.1429247196165364, -1.3554395493968396]
[-8.499610021836364, -1.2376977027237217]

rsu_num_change, rsu_num: 20
[-8.02128939578182, -2.003417910253646]
[-2.3345421925747276, -0.5747330113041548]
[-3.896532873434719, -1.8230265290619796]
[-7.946827173127272, -1.804462253818182]
[-10.448322595781818, -1.423968254378646]
[-8.130320573127273, -1.8235920290619796]
[-7.813411821163636, -1.8118073154453125]
[-5.986139840981818, -0.187769648924053]
[-8.513809464363638, -2.1007678117832027]
[-9.834472673127273, -1.9312020899506157]

rsu_num_change, rsu_num: 25
[-11.80407484140909, -2.2565359263059306]
[-10.397255278636363, -2.524717361351385]
[-2.100964911783203, -0.21545248795208333]
[-10.397211030454544, -1.917766811783203]
[-11.002325154772729, -0.601704250015625]
[-2.1358378585534683, -0.24676538403320314]
[-9.256126576227272, -0.32650430396775565]
[-6.146372232094555, -2.4132602263059306]
[-10.589734678636363, -1.832591610253646]
[-2.106450463601385, -0.3549427273139796]

rsu_num_change, rsu_num: 30
[-26.781291496363636, -1.9836155159324338]
[-12.964890465727276, -1.8118073154453125]
[-13.444156865727274, -0.42934838178320317]
[-8.962045711472728, -0.6834040410906249]
[-13.203466741272727, -0.40757958403320316]
[-4.751967400659091, -1.405748254378646]
[-11.913085850145455, -0.09458136640729166]
[-10.807430711472728, -2.068134711783203]
[-4.176107620272727, -0.1499363739520833]
[-2.1814561746415246, -0.7956034342686552]

Model_num_change, Model_num: 1
[-6.067036184113636, -5.058129898033203]
[-7.029167614942294, -7.029167614942294]
[-6.014519155877273, -4.092580271415768]
[-4.240672883869567, -4.167284051454546]
[-6.578879936563636, -4.061095068979403]
[-4.521708519836364, -4.167321435487749]
[-7.404333030909091, -7.404333030909091]
[-4.274425286254546, -4.168201635487749]
[-4.172601716215022, -4.172566135487749]
[-9.29365635304897, -7.046595530909091]

Model_num_change, Model_num: 3
[-6.09060659599878, -4.573598902907316]
[-3.296825348578658, -2.328514194469555]
[-5.520616882292282, -2.505716702097585]
[-1.9911127041180399, -1.857355616898485]
[-4.005080783633949, -1.9387441412801611]
[-4.521708519836364, -4.167321435487749]
[-7.404333030909091, -7.404333030909091]
[-4.274425286254546, -4.168201635487749]
[-3.9102702243454552, -3.9102702243454552]
[-7.530780952412607, -4.22406744039684]

Model_num_change, Model_num: 5
[-6.234319290357386, -4.573598902907316]
[-4.050724276748083, -1.8624631563407672]
[-5.020286509256676, -1.8449975176860796]
[-2.0288907102536458, -0.6704034759974431]
[-2.80048944824304, -1.804701453818182]
[-4.521708519836364, -2.104548611783203]
[-4.145683656363636, -4.145683656363636]
[-4.273080794069568, -4.168201635487749]
[-3.0153826704909092, -1.857355616898485]
[-7.0222578257832025, -4.22406744039684]

Model_num_change, Model_num: 7
[-5.952644710181818, -1.2376069475996094]
[-4.050724276748083, -1.838551810253646]
[-5.020286509256676, -1.8449975176860796]
[-2.0288907102536458, -0.6704034759974431]
[-2.790314354378646, -1.804701453818182]
[-4.521708519836364, -2.104548611783203]
[-4.145683656363636, -4.14572104039684]
[-2.6337068909422943, -1.1401592609422941]
[-1.406404454378646, -1.0253357131430398]
[-7.482715011636364, -4.22406744039684]

Model_num_change, Model_num: 9
[-6.102495634915152, -1.2376069475996094]
[-3.566155897588992, -1.838551810253646]
[-3.56302768239897, -1.8449975176860796]
[-2.0288907102536458, -0.6704034759974431]
[-2.790314354378646, -0.910113676909091]
[-4.521708519836364, -2.104548611783203]
[-4.145683656363636, -4.14572104039684]
[-2.6337068909422943, -0.9087154449754973]
[-1.406404454378646, -0.913916760942294]
[-7.482715011636364, -4.22406744039684]

Model_num_change, Model_num: 11
[-6.102495634915152, -1.2376069475996094]
[-3.5661366246950528, -1.838551810253646]
[-3.5391163363118485, -1.410114954378646]
[-2.057896301328646, -0.19201924707031248]
[-2.790314354378646, -0.333050455865483]
[-4.521708519836364, -2.104548611783203]
[-3.9675115468909095, -0.8097646658164063]
[-2.5737832893331443, -0.23524428403320313]
[-1.406404454378646, -0.21916567447708332]
[-6.099269589031688, -1.237660639466146]

rsu_rate_change, rsu_rate: 80
[-6.109425668281818, -1.647762959199219]
[-3.2150285744518827, -2.7270412153804693]
[-4.009595343441833, -2.091312581567969]
[-2.939785893274805, -0.8782110010052557]

rsu_rate_change, rsu_rate: 80
[-6.109425668281818, -1.647762959199219]
[-3.2150285744518827, -2.7270412153804693]
[-4.009595343441833, -2.091312581567969]
[-2.939785893274805, -0.8782110010052557]
[-4.005710236563636, -0.910113676909091]
[-5.104549899242773, -0.22177393342343749]
[-4.145683656363636, -4.145683656363636]
[-4.197639738163637, -0.9087528290087004]
[-0.9139599147088957, -0.9139354529588957]
[-7.482715011636364, -4.224086132413441]

rsu_rate_change, rsu_rate: 90
[-6.1071156571595955, -1.511062185954861]
[-2.860525764038037, -2.430878080338195]
[-4.197734402016809, -1.8642467058381944]
[-2.622518491310937, -0.8089418260026515]
[-4.005710236563636, -0.910113676909091]
[-4.560216621549132, -2.7390834157109376]
[-4.145683656363636, -4.1457335017412404]
[-3.131568562286695, -0.9087403676642993]
[-1.8605362058381945, -0.9139292222866952]
[-7.482715011636364, -4.2240799017412405]

rsu_rate_change, rsu_rate: 100
[-6.105267648261818, -1.401701567359375]
[-2.5769235157069605, -2.193947572304375]
[-3.9438517141696736, -1.8452038165142046]
[-2.384286472304375, -0.7535264860005682]
[-4.005710236563636, -0.910113676909091]
[-4.521708519836364, -2.485269494139844]
[-4.145683656363636, -4.14572851720348]
[-2.932423893748935, -0.9087303985887785]
[-1.6788835052543751, -0.9139242377489347]
[-7.482715011636364, -4.22407491720348]

rsu_rate_change, rsu_rate: 110
[-6.103755640981818, -1.3122246975994318]
[-3.883375180940057, -2.000095338458523]
[-3.736129515022017, -1.845091289880682]
[-2.1904342384585225, -0.7081866623624999]
[-2.9141684684130684, -0.910113676909091]
[-4.521708519836364, -2.277603558308949]
[-4.145683656363636, -4.1457244389453125]
[-2.7694873467634946, -0.9087222420724432]
[-1.5302585684130683, -0.9139201594907671]
[-7.482715011636364, -4.2240708389453125]

rsu_rate_change, rsu_rate: 120
[-6.102495634915152, -1.2376069475996094]
[-3.566155897588992, -1.838551810253646]
[-3.56302768239897, -1.8449975176860796]
[-2.0288907102536458, -0.6704034759974431]
[-2.790314354378646, -0.910113676909091]
[-4.521708519836364, -2.104548611783203]
[-4.145683656363636, -4.14572104039684]
[-2.6337068909422943, -0.9087154449754973]
[-1.406404454378646, -0.913916760942294]
[-7.482715011636364, -4.22406744039684]

download_change, download_rate: 450
[-7.363744369536111, -1.2376606394661458]

latency_requirement_change, latency_requirement: 0.15
[-6.150797826333334, -6.151477351077084]
[-12.032970432163637, -12.032970432163637]
[-6.483494636563636, -6.483494636563636]
[-5.00057334249091, -4.799066370490909]
[-5.251114821909091, -5.251114821909091]
[-5.2928940105818185, -5.2928940105818185]
[-4.145719237090909, -4.145683656363636]
[-4.388444051454545, -4.388444051454545]
[-0.9139704528088305, -0.913916760942294]
[-8.614139108615023, -4.682644282066407]

latency_requirement_change, latency_requirement: 0.2
[-6.102495634915152, -5.058056933272727]
[-12.032970432163637, -12.032970432163637]
[-6.483494636563636, -6.483494636563636]
[-3.9658436478909094, -3.9658436478909094]
[-5.251114821909091, -5.251114821909091]
[-4.521708519836364, -4.387765651454545]
[-4.145719237090909, -4.145683656363636]
[-4.388444051454545, -4.388444051454545]
[-0.9139704528088305, -0.913916760942294]
[-8.614139108615023, -4.682644282066407]

latency_requirement_change, latency_requirement: 0.25
[-6.102495634915152, -5.040344398033203]
[-7.046318130909091, -7.046318130909091]
[-6.483494636563636, -6.483494636563636]
[-3.9658436478909094, -3.9658436478909094]
[-4.005710236563636, -0.910113676909091]
[-4.521708519836364, -0.21116804187864582]
[-4.145719237090909, -4.145683656363636]
[-4.2441851406545466, -0.9087154449754973]
[-0.9139704528088305, -0.913916760942294]
[-8.614139108615023, -4.682644282066407]

latency_requirement_change, latency_requirement: 0.30000000000000004
[-6.102495634915152, -5.040344398033203]
[-7.046318130909091, -7.046318130909091]
[-6.483494636563636, -6.483494636563636]
[-3.9658436478909094, -3.9658436478909094]
[-4.005710236563636, -0.910113676909091]
[-4.521708519836364, -0.21116804187864582]
[-4.145719237090909, -4.145683656363636]
[-4.2441851406545466, -0.9087154449754973]
[-0.9139704528088305, -0.913916760942294]
[-8.377302788545455, -3.788056505157315]

latency_requirement_change, latency_requirement: 0.35
[-6.102495634915152, -5.040344398033203]
[-7.046318130909091, -7.046318130909091]
[-6.483494636563636, -6.483494636563636]
[-3.9658436478909094, -3.9658436478909094]
[-4.005710236563636, -0.910113676909091]
[-4.521708519836364, -0.21116804187864582]
[-4.145719237090909, -4.145683656363636]
[-4.2441851406545466, -0.9087154449754973]
[-0.9139704528088305, -0.913916760942294]
[-8.377302788545455, -3.788056505157315]

latency_requirement_change, latency_requirement: 0.15
[-6.150797826333334, -6.151477351077084]
[-12.032970432163637, -12.032970432163637]
[-6.483494636563636, -6.483494636563636]
[-5.00057334249091, -4.799066370490909]
[-5.251114821909091, -5.251114821909091]
[-5.2928940105818185, -5.2928940105818185]
[-4.145719237090909, -4.145683656363636]
[-4.388444051454545, -4.388444051454545]
[-0.9139704528088305, -0.913916760942294]
[-8.614139108615023, -4.682644282066407]

latency_requirement_change, latency_requirement: 0.2
[-6.102495634915152, -5.058056933272727]
[-12.032970432163637, -12.032970432163637]
[-6.483494636563636, -6.483494636563636]
[-3.9658436478909094, -3.9658436478909094]
[-5.251114821909091, -5.251114821909091]
[-4.521708519836364, -4.387765651454545]
[-4.145719237090909, -4.145683656363636]
[-4.388444051454545, -4.388444051454545]
[-0.9139704528088305, -0.913916760942294]
[-8.614139108615023, -4.682644282066407]

latency_requirement_change, latency_requirement: 0.25
[-6.102495634915152, -5.040344398033203]
[-7.046318130909091, -7.046318130909091]
[-6.483494636563636, -6.483494636563636]
[-3.9658436478909094, -3.9658436478909094]
[-4.005710236563636, -0.910113676909091]
[-4.521708519836364, -0.21116804187864582]
[-4.145719237090909, -4.145683656363636]
[-4.2441851406545466, -0.9087154449754973]
[-0.9139704528088305, -0.913916760942294]
[-8.614139108615023, -4.682644282066407]

latency_requirement_change, latency_requirement: 0.30000000000000004
[-6.102495634915152, -5.040344398033203]
[-7.046318130909091, -7.046318130909091]
[-6.483494636563636, -6.483494636563636]
[-3.9658436478909094, -3.9658436478909094]
[-4.005710236563636, -0.910113676909091]
[-4.521708519836364, -0.21116804187864582]
[-4.145719237090909, -4.145683656363636]
[-4.2441851406545466, -0.9087154449754973]
[-0.9139704528088305, -0.913916760942294]
[-8.377302788545455, -3.788056505157315]

latency_requirement_change, latency_requirement: 0.35
[-6.102495634915152, -5.040344398033203]
[-7.046318130909091, -7.046318130909091]
[-6.483494636563636, -6.483494636563636]
[-3.9658436478909094, -3.9658436478909094]
[-4.005710236563636, -0.910113676909091]
[-4.521708519836364, -0.21116804187864582]
[-4.145719237090909, -4.145683656363636]
[-4.2441851406545466, -0.9087154449754973]
[-0.9139704528088305, -0.913916760942294]
[-8.377302788545455, -3.788056505157315]

latency_requirement_change, latency_requirement: 0.4
[-6.102495634915152, -4.163469156363636]
[-4.092064524345456, -0.3936439840332031]
[-6.483494636563636, -6.483494636563636]
[-3.9658436478909094, -3.9658436478909094]
[-4.005710236563636, -0.910113676909091]
[-4.521708519836364, -0.21116804187864582]
[-4.145719237090909, -4.145683656363636]
[-4.2441851406545466, -0.9087154449754973]
[-0.9139704528088305, -0.913916760942294]
[-8.377302788545455, -3.788056505157315]

latency_requirement_change, latency_requirement: 0.45000000000000007
[-6.102495634915152, -0.41749338403320313]
[-4.092064524345456, -0.3936439840332031]
[-6.483494636563636, -6.483494636563636]
[-3.9658436478909094, -3.9658436478909094]
[-4.005710236563636, -0.910113676909091]
[-4.521708519836364, -0.21116804187864582]
[-4.145719237090909, -4.145683656363636]
[-4.2441851406545466, -0.9087154449754973]
[-0.9139704528088305, -0.913916760942294]
[-8.12957253276186, -4.198075902907316]

latency_requirement_change, latency_requirement: 0.5
[-6.102495634915152, -0.41749338403320313]
[-4.092064524345456, -0.3936439840332031]
[-6.483494636563636, -6.483494636563636]
[-1.1603658602133522, -1.1603658602133522]
[-4.005710236563636, -0.910113676909091]
[-4.521708519836364, -0.21116804187864582]
[-4.145719237090909, -4.145683656363636]
[-4.2441851406545466, -0.9087154449754973]
[-0.9139704528088305, -0.913916760942294]
[-8.12957253276186, -4.198113286940519]

latency_requirement_change, latency_requirement: 0.55
[-6.102495634915152, -0.41749338403320313]
[-4.092064524345456, -0.3936439840332031]
[-6.483494636563636, -6.483494636563636]
[-1.1603658602133522, -1.1603658602133522]
[-4.005710236563636, -0.910113676909091]
[-4.521708519836364, -0.21116804187864582]
[-4.145719237090909, -4.145683656363636]
[-4.2441851406545466, -0.9087154449754973]
[-0.9139704528088305, -0.913916760942294]
[-8.12957253276186, -4.198113286940519]

latency_requirement_change, latency_requirement: 0.6
[-6.102495634915152, -0.41749338403320313]
[-4.092064524345456, -0.3936439840332031]
[-6.483494636563636, -6.483494636563636]
[-1.1603658602133522, -1.1603658602133522]
[-4.005710236563636, -0.910113676909091]
[-4.521708519836364, -0.21116804187864582]
[-4.145719237090909, -4.145683656363636]
[-4.2441851406545466, -0.9087154449754973]
[-0.9139704528088305, -0.913916760942294]
[-8.12957253276186, -4.198113286940519]

max_storage_change, max_storage: 200
[-9.193544165454545, -9.193544165454545]
[-7.046318130909091, -7.046318130909091]
[-2.101393311783203, -1.410114954378646]
[-1.917651311783203, -0.2928406134776042]

max_storage_change, max_storage: 300
[-9.193544165454545, -9.193544165454545]
[-7.046318130909091, -7.046318130909091]
[-2.024535123870313, -1.410114954378646]
[-2.057896301328646, -0.19201924707031248]
[-2.790314354378646, -0.9086346769090909]
[-4.521708519836364, -0.6445852817832032]
[-7.404333030909091, -7.404333030909091]
[-2.596413683197538, -0.24718752452864584]
[-2.1018197277499997, -1.0253357131430398]
[-8.377302788545455, -7.482679430909091]

max_storage_change, max_storage: 400
[-9.193544165454545, -9.193544165454545]
[-7.046318130909091, -7.046318130909091]
[-2.024535123870313, -1.410114954378646]
[-2.057896301328646, -0.19201924707031248]
[-2.790314354378646, -0.9086346769090909]
[-4.521708519836364, -0.21116804187864582]
[-4.362846564978658, -4.326864213373923]
[-2.596413683197538, -0.24718752452864584]
[-2.586388106909091, -0.913916760942294]
[-8.377302788545455, -7.482679430909091]

max_storage_change, max_storage: 500
[-8.466592813278789, -4.163506540396839]
[-2.0628927022708807, -1.838551810253646]
[-3.99582766912107, -1.410114954378646]
[-2.0288907102536458, -0.6704034759974431]
[-2.790314354378646, -0.9086346769090909]
[-4.521708519836364, -0.6445852817832032]
[-4.362846564978658, -4.14572104039684]
[-2.596413683197538, -0.24718752452864584]
[-2.586388106909091, -0.913916760942294]
[-8.377302788545455, -4.22406744039684]

max_storage_change, max_storage: 600
[-6.102495634915152, -0.41749338403320313]
[-2.0628927022708807, -1.838551810253646]
[-4.4058663397650095, -1.8449975176860796]
[-2.0288907102536458, -0.6704034759974431]
[-2.790314354378646, -0.9086346769090909]
[-4.521708519836364, -2.104548611783203]
[-4.362846564978658, -4.14572104039684]
[-2.596413683197538, -0.23524428403320313]
[-1.406404454378646, -0.913916760942294]
[-6.537689446624113, -4.22406744039684]

max_storage_change, max_storage: 700
[-6.102495634915152, -0.6149497817832031]
[-2.151520143210346, -1.838551810253646]
[-4.4058663397650095, -1.8449975176860796]
[-2.0288907102536458, -0.6704034759974431]
[-2.790314354378646, -0.9086346769090909]
[-4.521708519836364, -2.104548611783203]
[-4.362846564978658, -4.14572104039684]
[-2.596413683197538, -0.23524428403320313]
[-1.406404454378646, -0.913916760942294]
[-6.537689446624113, -4.22406744039684]

max_storage_change, max_storage: 300
[-9.193544165454545, -9.193544165454545]
[-7.046318130909091, -7.046318130909091]
[-2.024535123870313, -1.410114954378646]
[-2.057896301328646, -0.19201924707031248]
[-2.790314354378646, -0.9086346769090909]
[-4.521708519836364, -0.6445852817832032]
[-7.404333030909091, -7.404333030909091]
[-2.596413683197538, -0.24718752452864584]
[-2.1018197277499997, -1.0253357131430398]
[-8.377302788545455, -7.482679430909091]

max_storage_change, max_storage: 350
[-9.193544165454545, -9.193544165454545]
[-7.046318130909091, -7.046318130909091]
[-2.024535123870313, -1.410114954378646]
[-2.057896301328646, -0.19201924707031248]
[-2.790314354378646, -0.9086346769090909]
[-4.521708519836364, -0.6445852817832032]
[-7.404333030909091, -7.404333030909091]
[-2.596413683197538, -0.24718752452864584]
[-2.1018197277499997, -1.0253357131430398]
[-8.377302788545455, -7.482679430909091]

max_storage_change, max_storage: 400
[-9.193544165454545, -9.193544165454545]
[-7.046318130909091, -7.046318130909091]
[-2.024535123870313, -1.410114954378646]
[-2.057896301328646, -0.19201924707031248]
[-2.790314354378646, -0.9086346769090909]
[-4.521708519836364, -0.21116804187864582]
[-4.362846564978658, -4.326864213373923]
[-2.596413683197538, -0.24718752452864584]
[-2.586388106909091, -0.913916760942294]
[-8.377302788545455, -7.482679430909091]

max_storage_change, max_storage: 450
[-8.316741888545454, -4.163506540396839]
[-2.0628927022708807, -1.8960581834625472]
[-3.1171308689368487, -1.410114954378646]
[-2.0288907102536458, -0.6704034759974431]
[-2.790314354378646, -0.9086346769090909]
[-4.521708519836364, -0.6445852817832032]
[-4.362846564978658, -4.14572104039684]
[-2.596413683197538, -0.24718752452864584]
[-2.586388106909091, -0.913916760942294]
[-8.377302788545455, -4.22406744039684]

max_storage_change, max_storage: 500
[-8.466592813278789, -4.163506540396839]
[-2.0628927022708807, -1.838551810253646]
[-3.99582766912107, -1.410114954378646]
[-2.0288907102536458, -0.6704034759974431]
[-2.790314354378646, -0.9086346769090909]
[-4.521708519836364, -0.6445852817832032]
[-4.362846564978658, -4.14572104039684]
[-2.596413683197538, -0.24718752452864584]
[-2.586388106909091, -0.913916760942294]
[-8.377302788545455, -4.22406744039684]

max_storage_change, max_storage: 550
[-6.845306889581817, -0.41749338403320313]
[-2.0628927022708807, -1.838551810253646]
[-3.99582766912107, -1.8449975176860796]
[-2.0288907102536458, -0.6704034759974431]
[-2.790314354378646, -0.9086346769090909]
[-4.521708519836364, -2.104548611783203]
[-4.362846564978658, -4.14572104039684]
[-2.596413683197538, -0.23524428403320313]
[-2.586388106909091, -0.913916760942294]
[-8.377302788545455, -4.22406744039684]

max_storage_change, max_storage: 600
[-6.102495634915152, -0.41749338403320313]
[-2.0628927022708807, -1.838551810253646]
[-4.4058663397650095, -1.8449975176860796]
[-2.0288907102536458, -0.6704034759974431]
[-2.790314354378646, -0.9086346769090909]
[-4.521708519836364, -2.104548611783203]
[-4.362846564978658, -4.14572104039684]
[-2.596413683197538, -0.23524428403320313]
[-1.406404454378646, -0.913916760942294]
[-6.537689446624113, -4.22406744039684]

max_storage_change, max_storage: 650
[-6.102495634915152, -0.6149497817832031]
[-2.151520143210346, -1.838551810253646]
[-4.4058663397650095, -1.8449975176860796]
[-2.0288907102536458, -0.6704034759974431]
[-2.790314354378646, -0.9086346769090909]
[-4.521708519836364, -2.104548611783203]
[-4.362846564978658, -4.14572104039684]
[-2.596413683197538, -0.23524428403320313]
[-1.406404454378646, -0.913916760942294]
[-6.537689446624113, -4.22406744039684]

max_storage_change, max_storage: 700
[-6.102495634915152, -0.6149497817832031]
[-2.151520143210346, -1.838551810253646]
[-4.4058663397650095, -1.8449975176860796]
[-2.0288907102536458, -0.6704034759974431]
[-2.790314354378646, -0.9086346769090909]
[-4.521708519836364, -2.104548611783203]
[-4.362846564978658, -4.14572104039684]
[-2.596413683197538, -0.23524428403320313]
[-1.406404454378646, -0.913916760942294]
[-6.537689446624113, -4.22406744039684]

max_storage_change, max_storage: 750
[-6.102495634915152, -0.8275501658164063]
[-2.151520143210346, -1.838551810253646]
[-5.020286509256676, -1.8449975176860796]
[-2.0288907102536458, -0.6704034759974431]
[-2.790314354378646, -0.9086346769090909]
[-4.521708519836364, -2.104548611783203]
[-4.362846564978658, -4.14572104039684]
[-2.6337068909422943, -0.9087154449754973]
[-1.406404454378646, -0.913916760942294]
[-6.537689446624113, -4.22406744039684]

Model_num_change, Model_num: 1
[-6.067036184113636, -5.058129898033203]
[-7.029167614942294, -7.029167614942294]
[-6.014519155877273, -4.092580271415768]
[-4.240672883869567, -4.167284051454546]
[-6.578879936563636, -4.061095068979403]
[-4.521708519836364, -4.167321435487749]
[-7.404333030909091, -7.404333030909091]
[-4.274425286254546, -4.168201635487749]
[-4.172601716215022, -4.172566135487749]
[-9.29365635304897, -7.046595530909091]

Model_num_change, Model_num: 3
[-6.09060659599878, -4.573598902907316]
[-3.296825348578658, -2.328514194469555]
[-5.520616882292282, -2.505716702097585]
[-1.9911127041180399, -1.857355616898485]
[-4.005080783633949, -1.9387441412801611]
[-4.521708519836364, -4.167321435487749]
[-7.404333030909091, -7.404333030909091]
[-4.274425286254546, -4.168201635487749]
[-3.9102702243454552, -3.9102702243454552]
[-7.530780952412607, -4.22406744039684]

Model_num_change, Model_num: 5
[-6.234319290357386, -4.573598902907316]
[-4.050724276748083, -1.8624631563407672]
[-5.020286509256676, -1.8449975176860796]
[-2.0288907102536458, -0.6704034759974431]
[-2.80048944824304, -1.804701453818182]
[-4.521708519836364, -2.104548611783203]
[-4.145683656363636, -4.145683656363636]
[-4.273080794069568, -4.168201635487749]
[-3.0153826704909092, -1.857355616898485]
[-7.0222578257832025, -4.22406744039684]

Model_num_change, Model_num: 7
[-5.952644710181818, -1.2376069475996094]
[-4.050724276748083, -1.838551810253646]
[-5.020286509256676, -1.8449975176860796]
[-2.0288907102536458, -0.6704034759974431]
[-2.790314354378646, -1.804701453818182]
[-4.521708519836364, -2.104548611783203]
[-4.145683656363636, -4.14572104039684]
[-2.6337068909422943, -1.1401592609422941]
[-1.406404454378646, -1.0253357131430398]
[-7.482715011636364, -4.22406744039684]

Model_num_change, Model_num: 9
[-6.102495634915152, -1.2376069475996094]
[-3.566155897588992, -1.838551810253646]
[-3.56302768239897, -1.8449975176860796]
[-2.0288907102536458, -0.6704034759974431]
[-2.790314354378646, -0.910113676909091]
[-4.521708519836364, -2.104548611783203]
[-4.145683656363636, -4.14572104039684]
[-2.6337068909422943, -0.9087154449754973]
[-1.406404454378646, -0.913916760942294]
[-7.482715011636364, -4.22406744039684]

Model_num_change, Model_num: 11
[-6.102495634915152, -1.2376069475996094]
[-3.5661366246950528, -1.838551810253646]
[-3.5391163363118485, -1.410114954378646]
[-2.057896301328646, -0.19201924707031248]
[-2.790314354378646, -0.333050455865483]
[-4.521708519836364, -2.104548611783203]
[-3.9675115468909095, -0.8097646658164063]
[-2.5737832893331443, -0.23524428403320313]
[-1.406404454378646, -0.21916567447708332]
[-6.099269589031688, -1.237660639466146]




Model_num_change, Model_num: 1
[-15.245161737636364, -5.058129898033203]
[-11.605806742215021, -7.029167614942294]
[-12.073459046254547, -4.092580271415768]
[-7.447954206727273, -4.167284051454546]
[-12.278211846254546, -4.061095068979403]
[-7.873226506727273, -4.167321435487749]
[-7.809418890760476, -7.404333030909091]
[-11.017455318345457, -4.168201635487749]
[-7.823618506727273, -4.172566135487749]
[-15.352734537636364, -7.046595530909091]

Model_num_change, Model_num: 3
[-15.245161737636364, -4.573598902907316]
[-3.542967936996827, -2.328514194469555]
[-13.202489112560466, -2.505716702097585]
[-3.4000195758180403, -1.857355616898485]
[-10.873684463815769, -1.9387441412801611]
[-7.873226506727273, -4.167321435487749]
[-7.809418890760476, -7.404333030909091]
[-11.017455318345457, -4.168201635487749]
[-3.9102702243454552, -3.9102702243454552]
[-13.276335630412607, -4.22406744039684]

Model_num_change, Model_num: 5
[-15.245161737636364, -4.573598902907316]
[-5.262047950832434, -1.8624631563407672]
[-13.202489112560466, -1.8449975176860796]
[-2.209519836235464, -0.6704034759974431]
[-6.492956724345455, -1.804701453818182]
[-7.873226506727273, -2.104548611783203]
[-7.3020124742, -4.145683656363636]
[-11.017455318345457, -4.168201635487749]
[-3.350171542599858, -1.857355616898485]
[-8.225126455783201, -4.22406744039684]

Model_num_change, Model_num: 7
[-6.562018510181818, -1.2376069475996094]
[-5.238136604745312, -1.838551810253646]
[-13.202489112560466, -1.8449975176860796]
[-2.209519836235464, -0.6704034759974431]
[-6.492956724345455, -1.804701453818182]
[-7.873226506727273, -2.104548611783203]
[-7.3020124742, -4.14572104039684]
[-7.930342746254547, -1.1401592609422941]
[-1.477901528197396, -1.0253357131430398]
[-7.824365106727273, -4.22406744039684]

Model_num_change, Model_num: 9
[-6.562018510181818, -1.2376069475996094]
[-5.238136604745312, -1.838551810253646]
[-3.4262266889241, -1.8449975176860796]
[-2.209519836235464, -0.6704034759974431]
[-6.492956724345455, -0.910113676909091]
[-7.873226506727273, -2.104548611783203]
[-7.3020124742, -4.14572104039684]
[-7.930342746254547, -0.9087154449754973]
[-1.406404454378646, -0.913916760942294]
[-7.824365106727273, -4.22406744039684]

Model_num_change, Model_num: 11
[-6.562018510181818, -1.2376069475996094]
[-5.238136604745312, -1.838551810253646]
[-3.4262266889241, -1.410114954378646]
[-5.255052804745313, -0.19201924707031248]
[-6.492956724345455, -0.333050455865483]
[-7.873226506727273, -2.104548611783203]
[-7.3020124742, -0.8097646658164063]
[-7.930342746254547, -0.23524428403320313]
[-1.406404454378646, -0.21916567447708332]
[-9.186726151577142, -1.237660639466146]

latency_requirement_change, latency_requirement: 0.15
[-6.7463115596000005, -6.151477351077084]
